procs -----------memory---------- ---swap-- -----io---- -system-- -------cpu-------
 r  b   swpd   free   buff  cache   si   so    bi    bo   in   cs us sy id wa st gu
 1  0 67091004 5571460   8600 925064 11181 30534 14511 33250 12051   24 21  8 69  2  0  0
 3  2 67091004 5330816   8616 925412 379824    0 380072   244 69435 125186  6 15 64 16  0  0
 2 32 67071036 4819464  10120 928064 382744    0 386920   764 68428 129395 27 27 11 36  0  0
14 48 67010876 4561676  10768 928880 352868    0 354056  1028 79908 147224  3 18  6 74  0  0
 3 55 66978620 4154992  11152 929260 431588    0 432572   928 84746 157075  2 18  2 77  0  0
11 34 66507324 3875804  11452 930252 258092    0 259060  1700 49402 91543 23 23  1 53  0  0
12 23 66094396 3585728  11880 933432 265156    0 267576  1640 16877 40760 58 39  0  3  0  0
 4  1 65822012 3277644  12632 945356 171912    0 184412  1132 38022 72533 50 33  7 10  0  0
20  9 65709628 3137276  13588 954168 111348    0 120544  6240 26695 35377 30 16 24 30  0  0
 2 48 65556284 2898548  14100 965736 340596    0 351604 14312 45967 77676 20 19  7 54  0  0
 9 35 65529660 2478596  14264 966356 514652    0 515400  1580 46088 80790 21 24  0 54  0  0
11 39 65289532 2057524  15124 967328 411152    0 412836  1776 31766 56763 28 27  1 45  0  0
22 50 64886588 1670464  15184 968348 208248    0 208948   800 28376 70007 57 37  0  6  0  0
11 16 64546876 1518760  15752 974028 231816    0 236040  4144 21278 47080 54 34  0 12  0  0
 4  7 64297532 1321456  16116 981720 188028    0 194252  2032 29919 42591 47 21  2 30  0  0
31  1 64193084 885244  16524 996308 93904    0 105440  5048 23291 32609 68 17  3 12  0  0
25 17 64077116 705356  17380 1041428 108628    0 156168 16444 24218 35232 71 14  4 11  0  0
14 27 63660604 463804  18740 1044440 225416    0 227344  4020 29280 63241 57 28  0 14  0  0
28  6 63396924 231292  17824 998284 193584 38100 195240 39896 27516 55417 68 28  0  4  0  0
39  9 63478172 206680  16584 982508 74304 191384 74872 194752 23525 42642 59 23  1 18  0  0
34  0 63701532 288216  16496 983780 52896 284068 53892 294448 23849 35416 60 19  1 20  0  0
procs -----------memory---------- ---swap-- -----io---- -system-- -------cpu-------
 r  b   swpd   free   buff  cache   si   so    bi    bo   in   cs us sy id wa st gu
27  8 63741916 152936  16544 984356 90056 170876 90376 170876 20055 30683 64 19  0 17  0  0
45  3 64002632 174796  16580 977520 54988 344664 55048 345196 20147 33269 50 21  0 29  0  0
45  1 63974564 168564  17044 982028 76488 103080 81792 107612 22094 42191 82 17  0  0  0  0
19  2 63912388 176688  17512 990696 74408 32260 79844 38048 23894 41917 80 16  1  3  0  0
42  3 64151828 301636  17896 986472 31192 276120 31440 281104 18320 32163 60 17  1 22  0  0
36  3 64300420 221524  18092 962536 57524 229556 58060 230136 19068 33355 81 18  0  1  0  0
