procs -----------memory---------- ---swap-- -----io---- -system-- -------cpu-------
 r  b   swpd   free   buff  cache   si   so    bi    bo   in   cs us sy id wa st gu
 1  0 69228072 6504356  12468 813900 12394 31336 15635 33978 12201   25 21  8 69  2  0  0
 2  2 69228072 6298140  12524 815764 304252    0 305844   352 84909 156482  7 15 61 17  0  0
 0  9 69217832 5827368  12816 816844 174244    0 175284   480 54764 97983 26 24 40 10  0  0
 4 25 69206056 5681968  12960 816824 370500    0 370708   268 81290 148566  2 14  7 77  0  0
 3 51 69006888 5473460  13008 817576 278684    0 279236   480 48750 82747 15 18  3 64  0  0
 8 43 68975400 5123436  13016 817728 370112    0 370256   144 72569 133854 12 19  1 68  0  0
10 32 68745512 4872956  13064 818696 272624    0 273312   664 37199 62781 16 18  0 65  0  0
22 27 68489512 4510356  13072 819328 217504    0 218072     4 33509 75045 48 35  0 17  0  0
15 22 68205608 4333660  13096 819484 238348    0 238844   252 19117 41871 56 37  0  8  0  0
 3  3 67944488 4196832  13124 824768 185184    0 190096   216 23501 37542 53 27  5 16  0  0
 9 22 67793192 3949196  13612 830060 261176    0 266640   976 42571 67989 25 14 11 51  0  0
 5 24 67765544 3613768  13616 830584 331984    0 332408   584 64256 115273  9 13  4 74  0  0
42  7 67438120 3277828  13644 834036 192304    0 195856     4 35942 73016 55 28  1 15  0  0
 9 25 67275816 3104612  13960 835300 280676    0 281740   528 24684 48967 55 32  0 12  0  0
 5 32 67075624 2890696  14120 835916 322700    0 323272   756 17270 29017 45 31  0 24  0  0
 8 15 66837288 2672968  14148 836980 273652    0 274704   664 20662 34890 40 28  1 31  0  0
 0 12 66542376 2509552  14436 837492 197568    0 198100   356 24287 40090 42 30  0 27  0  0
18  2 66373672 2157168  15064 841060 119364    0 124700   744 43566 71940 49 28  5 18  0  0
19 10 66164264 2031596  15280 842996 106568    0 107916   944 24818 32695 59 15  7 19  0  0
 4 17 65863976 1968200  15588 844308 215032    0 216016  1020 34920 52579 33 18  1 48  0  0
 4  4 65601832 1907160  15732 845404 176584    0 177532    20 28517 39877 40 24  2 35  0  0
procs -----------memory---------- ---swap-- -----io---- -system-- -------cpu-------
 r  b   swpd   free   buff  cache   si   so    bi    bo   in   cs us sy id wa st gu
 3  2 65530408 1890660  16020 845628 64188    0 64692    24 17456 21440  9  7 64 21  0  0
 3  0 65504552 1729084  16052 845928 24176    0 24472  1068 35431 48686 40 19 34  6  0  0
 0  0 65501992 1679700  16060 845988 1080    0  1140   668 18931 20425  9  8 82  1  0  0
