procs -----------memory---------- ---swap-- -----io---- -system-- -------cpu-------
 r  b   swpd   free   buff  cache   si   so    bi    bo   in   cs us sy id wa st gu
 1  0 67799140 5428396  17428 897088 12660 28983 15619 31377 11977   24 20  8 70  2  0  0
 2  2 67799140 5084800  17568 898504 461488    0 461748   276 79665 145922  4 14 65 16  0  0
 1 28 67782244 4707684  19204 900672 373620    0 376016  1016 93725 173056  3 14 17 66  0  0
 0 39 67750500 4357696  20292 903632 327980    0 330424  1948 100651 188998  2 13  6 78  0  0
 3 36 67700836 3675812  20396 904684 373252    0 373536   876 84303 159760 25 29  2 44  0  0
 8 36 67230052 3491548  20540 905824 284756    0 285052  1424 60028 113403 23 20  3 53  0  0
14 19 66821988 3289028  20792 907492 271976    0 272976  1516 16963 41131 52 36  0 12  0  0
 0  4 66556772 3220988  20832 907908 196488    0 197020     8 23363 37131 37 22 11 29  0  0
 9  5 66446180 3038048  21040 918824 111040    0 121428  1512 24695 32530 19 14 34 33  0  0
25  3 66347620 2662076  21664 937804 98432    0 117268 19024 38891 66459 51 28  8 13  0  0
 0 35 66312036 2587396  22480 939832 429280    0 430280  2492 80608 146783  6 17  3 75  0  0
 1 54 66213476 2237704  22948 942744 373236    0 374736  2192 81808 152012  8 20  3 69  0  0
 1 41 66187620 1900320  23124 944100 333216    0 333812  1072 102487 193165  7 16  1 77  0  0
 5 55 65607780 1602780  23588 947576 279412    0 280348  2720 24383 51325 40 27  0 33  0  0
47 16 65229412 1136832  23708 950112 256084    0 257516  1184 21896 54350 61 34  0  5  0  0
 4  4 64965220 787320  23752 955436 188052    0 192908   496 34924 70550 62 29  2  7  0  0
13  0 64858468 593104  24100 969596 90072    0 104592  5148 24001 31511 65 16  5 14  0  0
14 12 64607076 472360  24908 983332 124732    0 137468 17708 22923 39335 80 15  1  4  0  0
21 17 64256868 225696  25684 985656 223540    0 225148  4648 23863 45374 51 23  1 25  0  0
 1 33 64266260 257540  15136 960864 149336 219124 153628 224688 22737 45373 62 27  0 11  0  0
45  5 64467244 238636  15156 943064 72220 287468 72260 287592 25299 46326 42 23  1 33  0  0
procs -----------memory---------- ---swap-- -----io---- -system-- -------cpu-------
 r  b   swpd   free   buff  cache   si   so    bi    bo   in   cs us sy id wa st gu
47  4 64624736 278508  13708 914976 66468 258084 67768 265892 26632 46575 50 20  1 29  0  0
48  1 64678076 199620  12460 860960 89676 178908 91816 179424 24041 42096 70 21  1  9  0  0
27 10 64658092 292164  11996 858108 117580 139820 118616 140560 21867 38237 68 17  0 14  0  0
45  4 64713372 203632  11668 859484 77288 185164 77844 186032 17458 28082 84 16  0  0  0  0
40  4 64647324 225472  12256 872980 59144    0 70868  9452 22137 40487 84 16  0  0  0  0
28  5 64700616 349788  10524 878916 60076 121360 67084 123212 25417 51871 74 20  1  5  0  0
20  6 64779864 176964  10656 882148 45408 131040 50800 134576 18892 31979 84 15  0  0  0  0
