procs -----------memory---------- ---swap-- -----io---- -system-- -------cpu-------
 r  b   swpd   free   buff  cache   si   so    bi    bo   in   cs us sy id wa st gu
 1  0 69949724 6182264  10068 862880 13696 29744 16596 32085 12173   25 20  8 70  2  0  0
 8  1 69949724 5894256  10088 863928 403320    0 404192   288 84393 154478  5 14 64 16  0  0
 3 30 69926684 5446748  10864 864812 448956    0 450772  1120 82385 149566  3 15 28 55  0  0
 3 48 69870364 5022888  11692 865804 420552    0 422008  1300 78671 144262  3 15  4 77  0  0
 9 31 69838876 4414904  11820 866396 440272    0 441068   756 79151 151591 26 29  2 43  0  0
20 32 69214748 4231196  11852 866620 251376    0 251412   156 25090 49402 39 26  0 35  0  0
11 20 68856860 4010696  11996 868088 228296    0 229488  1828 18419 37280 46 32  0 22  0  0
 1  4 68656924 3916504  12268 869036 156196    0 157220   104 24122 36132 20 14 30 36  0  0
 0  4 68554012 3610352  13280 897116 89512    0 117268 19888 26173 34378 38 16 19 27  0  0
 4 32 68481308 3467892  14080 900624 277244    0 280828  3192 61767 116749 33 27  6 35  0  0
 5 44 68435740 3171600  14280 902200 430696    0 431604  1752 83127 153971  4 13  5 78  0  0
14 37 67964444 2851116  14684 904448 309324    0 310300  2856 42143 77818 23 20  0 57  0  0
11 31 67537436 2589036  14964 907136 267876    0 269140  2064 16494 40012 55 32  0 12  0  0
12  4 67219228 2146536  14968 910720 242056    0 245360   932 22162 44100 67 29  0  4  0  0
24  4 67080732 1806840  15048 917280 133068    0 139848   236 35358 66327 71 25  1  3  0  0
20  5 66983708 1459332  15744 935376 87072    0 105220 13892 27211 47208 76 18  2  4  0  0
10 14 66696220 1374856  16952 937356 176428    0 178368  4744 31759 46469 52 15  2 32  0  0
22  1 66443292 1034152  17540 941904 145540    0 146492  2768 21972 37370 77 17  1  6  0  0
30 10 66209308 465804  17556 942472 130128    0 130460  1812 21258 32703 83 17  0  1  0  0
32  1 66096156 189232  17552 946292 60284 12300 64420 21168 21034 37337 82 17  0  0  0  0
 6  3 66133276 218192  17696 943036 42220 90556 42292 92460 17835 29649 87 11  1  1  0  0
procs -----------memory---------- ---swap-- -----io---- -system-- -------cpu-------
 r  b   swpd   free   buff  cache   si   so    bi    bo   in   cs us sy id wa st gu
17  0 66125820 270304  17904 944152 47392 60496 47560 61340 19664 32619 80 13  3  4  0  0
