procs -----------memory---------- ---swap-- -----io---- -system-- -------cpu-------
 r  b   swpd   free   buff  cache   si   so    bi    bo   in   cs us sy id wa st gu
 1  0 69622704 4492720 105180 1933956 11288 22089 13520 23753 10772   22 16  7 75  2  0  0
 3  2 69622704 4336064 105196 1935328 284896    0 285048   280 81179 149088  6 15 63 16  0  0
 0  0 69622704 4148096 105196 1935808 187884    0 187884     0 55583 101522  0  7 82 11  0  0
16 19 69546672 3603148 105708 1938812 300148    0 302392  1140 60005 108774 21 24 12 43  0  0
 3 33 69500336 3509772 105896 1940616 273772    0 274420   868 61905 108907 10 17  7 66  0  0
 8 52 69465520 3229424 106076 1942900 326724    0 327408  1244 77534 141522  4 16  3 77  0  0
 4 37 69214384 2982540 106340 1945272 284472    0 285960  1312 69486 126641  7 15  2 77  0  0
26 15 68972976 2813396 106496 1946908 226856    0 227948   248 19415 40023 43 28  0 28  0  0
36 18 68734896 2519908 106496 1948124 197184    0 198000    76 19370 44616 49 38  0 12  0  0
15 21 68515384 2343104 106716 1952052 195152    0 199744  1228 25988 61762 57 39  0  3  0  0
 4 14 68247216 2230088 106944 1952184 196768    0 197048   264 18392 32840 55 34  0 11  0  0
 6  6 68041904 2143660 107156 1964348 119272    0 132276  3812 27592 34003 38 15 13 35  0  0
 8 16 67972528 1896660 107372 1965384 267568    0 268104   576 32442 50462 38 13  5 43  0  0
26 43 67877552 1406920 107564 1968088 322728    0 324244  2552 41465 73622 37 23  3 38  0  0
11 28 67752624 1107372 108060 1970712 337348    0 338624   756 69636 128723 19 22  3 56  0  0
10 30 67394480 1009768 108132 1972420 224580    0 225468   912 20739 40397 44 25  0 31  0  0
 2 28 67106480 863788 108152 1973356 200024    0 200684  1144 18671 36823 48 30  0 22  0  0
 6 24 66754224 738800 108484 1974712 209704    0 211732  1212 23035 40822 41 25  0 33  0  0
21  3 66438320 403296 108620 1981816 173840    0 181344  1380 28358 50569 58 26  1 15  0  0
 4 24 66256304 399036 109200 1987116 234080    0 239828  3416 39747 71565 48 25  4 23  0  0
 4 34 65970608 228596 109496 1988580 231396    0 232624  1508 36830 63556 33 20  1 46  0  0
procs -----------memory---------- ---swap-- -----io---- -system-- -------cpu-------
 r  b   swpd   free   buff  cache   si   so    bi    bo   in   cs us sy id wa st gu
17 20 65636840 435360 102156 1689076 222576 5120 224072  6196 19759 40956 47 30  0 23  0  0
17 19 65393560 344084 102168 1557384 209500 5564 210940  6972 18952 38464 59 34  0  7  0  0
29  6 65095948 289216  99292 1406792 203276 6340 204380  6748 26763 51679 56 33  0 11  0  0
 4  1 64893616 385968  96924 1250760 123720 9812 137520 13244 39495 65226 43 25 17 14  0  0
 5  3 64746160 367008  97092 1251676 88980    0 89636   880 24901 29780 47 13 20 21  0  0
 4  4 64521392 397856  97108 1252192 114148    0 114540   472 28033 33318 40 11 13 36  0  0
 3  0 64348080 248340  97180 1252596 95496    0 95876   812 25673 29935 37 13 22 28  0  0
15  0 64353364 573004  97160 1068812   24 6020    28  6996 12365 15445 12  9 78  1  0  0
