procs -----------memory---------- ---swap-- -----io---- -system-- -------cpu-------
 r  b   swpd   free   buff  cache   si   so    bi    bo   in   cs us sy id wa st gu
 1  0 70648332 4658156 103032 1932432 10722 22208 13027 23919 10620   22 16  7 75  2  0  0
 3  2 70648332 4464448 103048 1932300 268164    0 268164   344 58934 109096 31 28 31  9  0  0
 2 10 70638348 4268364 103084 1932836 254300    0 254860   296 61299 108689  2 11 56 31  0  0
 8 16 70549516 3988696 103112 1933936 286684    0 287512   480 55675 98243  7 14  9 70  0  0
 0 46 70531596 3744748 103388 1934228 260660    0 261116  1432 74237 135037  3 14  4 80  0  0
 2 45 70513676 3481836 103400 1934460 269776    0 269860   200 74350 137047  2 14  4 80  0  0
 3 53 70175500 3056980 103964 1935232 222264    0 223528   444 38178 84642 46 38  0 15  0  0
29 12 69924364 2994524 104128 1935656 220112    0 220880   188 14883 34144 49 36  0 15  0  0
15 38 69719308 2799044 104236 1936372 274632    0 274968   940 22504 40624 58 41  0  1  0  0
19 28 69509900 2605888 104248 1936956 208036    0 208412   380 15981 33542 58 42  0  0  0  0
21 26 69264908 2404924 104252 1937448 198180    0 198800   440 18630 34628 57 43  0  0  0  0
26  9 69033484 2056260 104792 1938256 166752    0 167720   168 33473 65673 60 38  0  2  0  0
 4  2 68890380 1952860 105100 1940812 90764    0 93824     4 28594 38766 51 17 12 21  0  0
 0 30 68830988 1806212 105160 1941432 285896    0 286416  1804 51544 86974 22 14  8 56  0  0
 4 51 68609036 1616604 105208 1942360 238028    0 238912  1092 42181 69873 25 17  1 57  0  0
18 18 68412428 1419360 105216 1942992 242572    0 243084   984 18806 31042 41 29  0 30  0  0
18 22 68245260 1145868 105224 1943780 165440    0 165996   148 29594 65887 59 38  0  4  0  0
 5 32 68004876 1077528 105284 1944276 183348    0 183756   788 22672 43488 42 35  0 23  0  0
15 21 67790604 973156 105308 1944884 163180    0 163920   364 14164 26681 50 40  0 10  0  0
17 10 67590412 917528 105328 1945296 184196    0 184296   504 17758 33040 48 36  0 16  0  0
 7 10 67397388 792396 105492 1945780 154228    0 154608   152 20600 31972 56 30  0 14  0  0
procs -----------memory---------- ---swap-- -----io---- -system-- -------cpu-------
 r  b   swpd   free   buff  cache   si   so    bi    bo   in   cs us sy id wa st gu
16 11 67200524 566692 105552 1946204 159060    0 159920   908 36679 73091 62 33  1  4  0  0
 8  5 67033356 520640 105772 1947204 155636    0 156456   356 33249 45880 35 25  1 39  0  0
 5  0 66893068 463100 106080 1947728 106332    0 107056   644 24510 29918 42 18 18 22  0  0
 0  0 66881804 467308 106100 1948804 8512    0  9172   376 10081 8233 19  5 72  4  0  0
 0  0 66881548 467308 106108 1948804  396    0   404   152 2526 2569  1  1 98  0  0  0
