procs -----------memory---------- ---swap-- -----io---- -system-- -------cpu-------
 r  b   swpd   free   buff  cache   si   so    bi    bo   in   cs us sy id wa st gu
29  0 71801580 9251312  11304 1232272 8341 21259 13127 28412 7575   18 13  5 80  1  0  0
 0  5 71801580 9023132  11492 1235980 335612    0 339148   508 71277 139394 26 25 25 23  0  0
 0  6 71801580 8632692  11548 1238480 402856    0 403108   468 94476 176337  0 13 45 42  0  0
 0  6 71801580 8213952  11580 1240464 413152    0 413328    56 95493 178330  0 12 46 41  0  0
 0  5 71801580 7827716  11612 1242308 383628    0 384080     0 92128 171790  0 10 46 43  0  0
51  5 71801580 7271648  11620 1244392 392860    0 393692     0 90567 168601  6 16 41 37  0  0
 1 22 71800812 6783300  11648 1247384 375708    0 377864   140 75736 143460 22 22 28 28  0  0
 0  0 71473900 6690580  13468 1259872 127840    0 141252   576 36369 52608 14 15 25 45  0  0
 0  0 71473388 6690580  13468 1259872   52    0    52   200 1427 1520  1  1 99  0  0  0
 0  0 71473132 6712788  13468 1259944   12    0    96     0 1710 1616  1  1 98  0  0  0
 6  1 71473132 6738216  13512 1260784 128688    0 128860   960 30285 53633  4  5 83  7  0  0
 4  2 71472876 6118540  13520 1263908 433264    0 433636   348 68769 131113 25 26 26 23  0  0
 0  5 71472620 5794808  13524 1265820 469528    0 469532   756 84591 155858  1 13 43 44  0  0
 2  5 71472364 5437548  13528 1267148 415456    0 415456   652 88723 164959  1 10 43 46  0  0
 0  4 71472364 5048268  13528 1268044 379360    0 379360     0 81433 149587  0 13 53 34  0  0
36  4 71471596 4471052  13552 1269004 409764    0 409764   352 97978 183529  7 17 38 38  0  0
 1  3 71202796 3999228  14676 1275228 153860    0 159664   712 40841 71754 28 23 16 33  0  0
 0  0 71179756 4007544  14692 1275388 5472    0  5604   348 4817 5555  3  2 93  3  0  0
 0  0 71178732 4029492  14708 1275448   72    0   132   864 2656 3030  1  1 98  1  0  0
 3  1 71178732 4130392  14888 1276564 104512    0 105204   656 7821 10957  3  3 92  3  0  0
29  2 71178476 3718764  14896 1278668 514956    0 514956   148 90121 166285  7 17 58 18  0  0
procs -----------memory---------- ---swap-- -----io---- -system-- -------cpu-------
 r  b   swpd   free   buff  cache   si   so    bi    bo   in   cs us sy id wa st gu
 1  5 71177708 3099092  14904 1280844 453980    0 454756   796 86973 164406 26 23 30 21  0  0
 0  0 70994924 2981408  15304 1284760 141052    0 144488   932 31965 47964 18 12 44 26  0  0
 0  0 70991596 3010732  15360 1284760 2232    0  2232   852 3911 4800  2  1 96  1  0  0
 0  0 70991596 3019048  15360 1284760   20    0    20     4 1943 2018  1  1 98  0  0  0
24  0 70991596 2945436  15376 1284844   12    0    88   732 7651 13101  8  5 86  0  0  0
 2  0 70986220 2853724  15376 1285444 2868    0  3036     0 24025 42211 23 14 62  1  0  0
