procs -----------memory---------- ---swap-- -----io---- -system-- -------cpu-------
 r  b   swpd   free   buff  cache   si   so    bi    bo   in   cs us sy id wa st gu
 3  0 33181952 1184228 711604 7802672 4737 13889 10298 19687 5166   12  9  4 87  1  0  0
 0  2 33181952 687320 711620 7802680 448324    0 448324   196 76863 141382 17 20 51 12  0  0
 4 17 33178368 419700 711636 7803776 374084    0 375256  3300 80538 146714  2 13 57 29  0  0
 0  1 32922880 333572 610496 7810396 215808  512 223012  2264 35349 54764 13 13 37 37  0  0
 0  0 32918784 312588 610504 7810420  652    0   672   156 5042 4928  3  2 95  0  0  0
 0  0 32918784 312616 610504 7810420    8    0     8     8  813  887  0  0 99  0  0  0
 0  0 32921856 415988 418920 7801552   56 3064   272  3160 11371 22184 15 11 74  0  0  0
 0  0 32921856 415988 418928 7801692   16    0    24   108 1487 1819  1  0 99  0  0  0
