procs -----------memory---------- ---swap-- -----io---- -system-- -------cpu-------
 r  b   swpd   free   buff  cache   si   so    bi    bo   in   cs us sy id wa st gu
 1  0 33136640 1461704 419388 7774652 4934 13518 10323 19133 5230   12  9  4 87  1  0  0
 3  3 33136640 1049700 419412 7774648 527316    0 527316   376 85755 156571  4 15 51 30  0  0
 6  2 33136640 401332 419412 7774648 644884    0 644884     0 96272 178454  0 17 51 32  0  0
 2 23 33142784 341716  75032 7748124 446224 6596 448248  6880 104187 193912  1 16 37 46  0  0
 5 22 33316352 383352  17412 7640588 240756 196352 252440 197168 51185 90904  2 18  2 77  0  0
 3  2 32940800 919888  16708 7084700 96388 1112 109140  1976 34964 58152 31 35 12 22  0  0
 4  0 32871424 1343400  17132 6647100 15832    0 35944  1692 14694 13571 18 20 51 10  0  0
 0  0 32862464 1756908  17132 6254264 8392    0 13224     0 8989 5814 24 16 56  4  0  0
 0  0 32862208 1748376  17272 6254464   56    0   408   480 2585 3165  1  1 98  0  0  0
 0  0 32862208 1744308  17292 6254756   16    0   532  1312 1493 1414  1  1 98  0  0  0
 0  0 32861696 1571900  17296 6255236   16    0    68   176 11216 23625 15 10 75  0  0  0
