procs -----------memory---------- ---swap-- -----io---- -system-- -------cpu-------
 r  b   swpd   free   buff  cache   si   so    bi    bo   in   cs us sy id wa st gu
11  0 33598720 3926328  16908 6218380 6520 13248 11607 18525 5552   12  9  4 87  1  0  0
 4  2 33598720 3603080  16932 6219156 472528    0 473276   392 73405 133256  5 17 49 30  0  0
 0  4 33598720 3136888  16932 6219156 467204    0 467204    60 72512 131955  0 13 53 35  0  0
 4  4 33598720 2712520  16932 6219156 426400    0 426400     0 72375 131777  0 12 54 34  0  0
 5 12 33598720 2254180  16948 6219696 449252    0 449820   152 87264 160877  1 15 42 43  0  0
 2  1 33089536 1784516  18392 6258584 252812    0 289504  7408 53779 96491 32 26 11 31  0  0
 3  0 32991232 1720760  19020 6270844 14612    0 25652  5744 10901 10032 22  7 61  9  0  0
 0  0 32980224 1667840  19020 6274712 9788    0 13616     0 7847 5515 24  4 69  3  0  0
 2  2 32980224 1652484  19048 6274784 183052    0 183052   448 10787 15419  2  5 90  3  0  0
 0  4 32979968 1338816  19080 6274800 435652    0 435652   324 81544 148844  3 14 52 31  0  0
 6  2 32979968 761588  19080 6274864 387464    0 387492   708 86108 162164 18 23 33 25  0  0
 4  5 32977408 434484  19100 6275088 395728    0 395752   256 90213 166491  4 18 41 38  0  0
 3 10 33088512 280264  18892 6265048 360612 112628 360612 113552 93623 173487  1 15 39 44  0  0
 0  2 33028864 309620  19088 6121660 181656 63844 184080 64628 49411 80250  9 19 26 46  0  0
 0  0 33020160 300236  19088 6121924 3124    0  3388     0 2739 3185  1  1 97  1  0  0
 0  0 33078784 462276  14744 6105064   48 59408   364 59408 10948 21824 14 11 74  0  0  0
 2  9 33106688 241900  13360 6097592 299508 28160 300276 30136 27066 45214  3 10 77 10  0  0
 1  4 33298176 266212  11008 6087480 428136 191760 429396 194680 79635 145340  2 19 45 34  0  0
 1  2 33270272 208936  10324 6084492 289216 38092 291784 39312 43647 71564  7 14 40 39  0  0
 0  0 33256704 193848  10328 6085476 8528    0  9444     0 5234 5803  2  2 92  4  0  0
 0  0 33315584 214688  10192 6084304  112 59560   132 59560 12747 25078 16 12 71  1  0  0
procs -----------memory---------- ---swap-- -----io---- -system-- -------cpu-------
 r  b   swpd   free   buff  cache   si   so    bi    bo   in   cs us sy id wa st gu
 0  0 33314560 235308  10208 6084456  392    0   464   220 3298 3666  2  1 97  0  0  0
 0  0 33314560 312636  10260 6084556   48    0   144   664 3427 3925  2  1 97  0  0  0
 0  1 33313536 318824  10264 6084560  956    0   956   436 2254 2148  1  1 98  1  0  0
