procs -----------memory---------- ---swap-- -----io---- -system-- -------cpu-------
 r  b   swpd   free   buff  cache   si   so    bi    bo   in   cs us sy id wa st gu
10  0 52859908 9678548  16400 1149132 7387 17659 12328 23979 6550   15 11  4 83  1  0  0
 4  4 52859908 9360460  16424 1153556 433888    0 434324   556 78361 143310  6 14 49 31  0  0
 2  4 52859908 8861040  16424 1155556 410224    0 410224     0 81773 155310 18 24 34 24  0  0
 4  3 52859908 8512120  16424 1156980 408176    0 408224     0 82866 153012  0 12 51 37  0  0
 0  4 52859908 8135956  16424 1158068 379324    0 379324     0 83387 153688  0 13 48 39  0  0
 0  4 52859908 7780144  16424 1158916 359016    0 359016     0 90594 168206  0 10 54 36  0  0
29  6 52859908 7389628  16424 1159796 301808    0 302032   260 73283 133138  1 14 48 37  0  0
 3  2 52406020 6993664  18216 1166288 124272    0 131012  1488 41954 71536 30 25  8 38  0  0
 0  0 52320004 6992908  18468 1169192 17764    0 20236   792 10038 11123  6  5 77 11  0  0
 0  0 52319748 7008028  18468 1169280   68    0   168     0 2046 2053  1  1 98  0  0  0
 0  2 52319748 7012572  18480 1169372 16712    0 16748   340 3080 3419  1  1 96  2  0  0
30  4 52319748 6787028  18504 1171380 347616    0 347616   788 73642 133984  4 15 48 33  0  0
 0  5 52318468 6442544  18528 1174040 442968    0 443424   992 98903 189305 19 22 28 31  0  0
 5  7 52317956 6024324  18536 1175544 468700    0 468708   212 98480 183612  0 14 44 41  0  0
 0  5 52317956 5601020  18816 1176576 421944    0 422224     0 103693 194462  1 12 47 40  0  0
 0  6 52317956 5235136  18824 1177220 379440    0 379440   240 102128 190428  1 13 48 37  0  0
38  1 52207364 4872552  19724 1181484 287048    0 290516   600 81021 147133  5 15 22 59  0  0
 0  0 51928580 4602796  20316 1184020 63068    0 65536   912 33410 59583 28 20 36 16  0  0
 0  0 51919876 4601788  20324 1184088 2288    0  2356   572 2957 3366  1  1 96  1  0  0
 0  0 51917828 4601788  20336 1184084 1708    0  1708   324 2887 3278  1  1 97  1  0  0
 2  1 51916804 4612756  20372 1185316 224348    0 224348   648 42500 75720  4  8 79 10  0  0
procs -----------memory---------- ---swap-- -----io---- -system-- -------cpu-------
 r  b   swpd   free   buff  cache   si   so    bi    bo   in   cs us sy id wa st gu
41  3 51916804 4198080  20372 1186804 430068    0 430068    60 87315 161840  2 15 63 20  0  0
 4  2 51916036 3660952  20400 1188432 314472    0 314564  1476 66039 122758 21 19 43 17  0  0
 0  4 51847940 3527424  20468 1190680 209836    0 211232   612 50312 86065  3 12 53 32  0  0
 2  0 51752708 3535992  20544 1192980 23332    0 24844  1472 11888 14703  5  5 78 11  0  0
 0  0 51734532 3537052  20696 1193060  236    0   388   164 1943 1854  1  1 98  0  0  0
24  0 51732228 3491444  20696 1193148  736    0   748     0 3247 4354  3  3 94  0  0  0
 0  0 51729924 3360832  20712 1193244  412    0   412   276 17268 34028 22 12 66  0  0  0
 0  0 51729668 3368896  20716 1193244  104    0   104   272 3009 3647  1  1 98  0  0  0
