procs -----------memory---------- ---swap-- -----io---- -system-- -------cpu-------
 r  b   swpd   free   buff  cache   si   so    bi    bo   in   cs us sy id wa st gu
44  0 33351168 3533036  17656 6249060 5420 13313 10657 18754 5362   12  9  4 87  1  0  0
 6  2 33351168 3188424  17696 6249364 513708    0 513932   412 65273 118534  8 17 45 30  0  0
 0  4 33351168 2558428  17836 6249556 626312    0 626632     0 81714 150563  1 14 48 37  0  0
 0  4 33351168 2062572  17836 6249556 514588    0 514588     0 75730 139376  0 12 53 35  0  0
27  8 33256448 1747776  18800 6251752 287044    0 292104  2272 59400 105703  6 13 27 54  0  0
35  3 32804864 1432368  18944 6252436 161884    0 162740   248 31899 50925 36 22 25 17  0  0
 0  3 32793088 1273384  19076 6252528 373120    0 373344   360 53175 93216  7 14 49 31  0  0
 3  0 32777728 1067176  19116 6253112 184500    0 184944   568 20253 28464  4  6 84  5  0  0
 0 10 32773120 493100  19308 6253964 545464    0 546424   496 61966 109717  2 13 53 32  0  0
 2 12 32823040 322340  16764 6231552 379100 57832 379972 58556 64366 114534  2 14 24 61  0  0
33 22 32997376 380352  16596 6230776 313308 187232 320648 187436 46043 80378  9 20 12 59  0  0
 0  2 32770304 261760  16892 6233672 124112    0 126576   676 35361 50184 29 23 14 33  0  0
 0  1 32741376 256640  16964 6250568 16392    0 25240  8692 8974 10552  4  5 79 12  0  0
 2  0 32704512 291532  17424 6257140 12632    0 16172  3620 6295 7272  5  3 85  7  0  0
 2  0 32686848 243628  17448 6267644 13452    0 21288  3776 7517 7255 13  4 76  8  0  0
30  0 32706304 283040  17156 6252328  580 20408  3744 20508 12521 20794 21 10 68  1  0  0
 0  0 32705792 285272  17444 6261852  316    0  9616   124 8262 11937  8  5 85  2  0  0
