procs -----------memory---------- ---swap-- -----io---- -system-- -------cpu-------
 r  b   swpd   free   buff  cache   si   so    bi    bo   in   cs us sy id wa st gu
11  0 34806528 10572404  11252 1022680 3981 23352 13284 33508 6042   14 13  4 82  1  0  0
10  1 34805248 10232796  11348 1032148 435432    0 441720   864 72971 132778 12 14 47 26  0  0
 0  4 34805248 9700928  11348 1034068 538048    0 538048     0 78642 144008  0 14 52 34  0  0
 0  4 34805248 9205060  11348 1034788 492544    0 492544     0 75647 138668  0 12 54 33  0  0
 4  3 34805248 8597680  11348 1035112 515528    0 515532     0 79724 147958 12 20 41 27  0  0
 0  4 34805248 8226768  11348 1036128 441708    0 441804    80 89656 167278  2 12 49 36  0  0
 1  3 33619848 8043868  12700 1039144 183332    0 186808  1012 43624 74285 31 26 15 28  0  0
 2  0 33478400 7936316  14180 1059596 22488    0 43128 17652 15109 18366 34 13 40 12  0  0
 0  0 33470720 7925732  14200 1062700 2832    0  5888     0 5739 3920 15  3 80  2  0  0
 0  0 33470720 7865840  14200 1062952   24    0   228     0 8708 16807 12  7 80  0  0  0
 1  6 33468416 7465360  14264 1064424 693396    0 693740   792 47896 84951  3 13 54 31  0  0
 3  7 33467648 6938416  14264 1066588 547476    0 547476   296 71271 129607  1 12 29 57  0  0
 3 13 33466368 6343024  14268 1067664 588760    0 588892   132 91855 170653  1 14 34 51  0  0
 0  6 33465088 5837296  14552 1068324 526236    0 526504   192 93808 174224  1 14 36 49  0  0
30  4 32574976 5422996  14984 1070504 230224    0 231648   684 56336 105872 35 29 13 22  0  0
 2  0 32289280 5376376  16088 1085220 36568    0 51188 13308 19242 23291 44 15 31 10  0  0
 0  0 32283392 5321692  16108 1086396 4456    0  5564   148 9584 7609 21  4 73  2  0  0
 0  0 32283136 5327488  16132 1086396   64    0    64   264 3898 4122  1  1 97  0  0  0
 1  6 32281856 5319196  16180 1087112 353164    0 353164   888 48240 84130  2 10 55 32  0  0
 0 10 32279808 4585904  16180 1087976 513292    0 513292   164 73574 138155 17 20 33 30  0  0
 0  3 32266496 4226308  16200 1089760 447532    0 448448   256 70235 126183  4 12 32 53  0  0
procs -----------memory---------- ---swap-- -----io---- -system-- -------cpu-------
 r  b   swpd   free   buff  cache   si   so    bi    bo   in   cs us sy id wa st gu
 2  0 31580160 4110892  16340 1091288 62088    0 63292   524 24274 29287 29 18 32 20  0  0
 0  0 31578112 4158068  16628 1098884  540    0  8056  8936 6974 7267  7  3 89  1  0  0
 0  0 31577344 4164520  16628 1098956  520    0   520     0 4610 4303  1  1 98  0  0  0
 0  0 31575040 4101304  16648 1098980 1688    0  1696   232 15803 28510 17 11 72  0  0  0
 0  0 31574528 4101304  16656 1099020  344    0   384   288 6665 7420  2  1 96  0  0  0
 0  0 31573248 4117180  16716 1099036  280    0   288  2260 6861 7480  2  2 96  0  0  0
 0  0 31572992 4117180  16724 1099052   20    0    24   268 4853 4496  2  1 97  0  0  0
 0  0 31572736 4117180  16724 1099264   12    0   224     4 4769 4674  1  1 98  0  0  0
 0  0 31572480 4108700  16728 1099368   60    0   100  1088 17317 30265 19 13 69  0  0  0
 1  0 31571712 4166036  16740 1099720  584    0   596   200 7089 7743  4  2 94  0  0  0
 0  0 31570432 4231764  16812 1099772  160    0   160   896 6504 7767  2  2 95  0  0  0
 0  0 31569920 4248320  16812 1099892   12    0    12     0 4281 4669  1  1 98  0  0  0
 1  0 31569664 4274000  16812 1099952    8    0     8     0 4428 4804  1  1 98  0  0  0
 0  0 31568128 4260832  16812 1099968   92    0   108   848 14775 27621 15 10 74  0  0  0
 0  0 31567360 4272268  16824 1099976  116    0   120   228 5467 6522  2  1 97  0  0  0
 2  0 31565056 4308212  16924 1100024  492    0   492  1468 7531 9179  2  2 95  1  0  0
 0  0 31563776 4316120  16924 1100024  332    0   332   232 4034 3899  1  1 98  0  0  0
 0  0 31563776 4369292  16924 1100140    8    0     8     0 4260 3579  3  2 95  0  0  0
 0  0 31563776 4245648  16928 1100148   12    0    16     0 14675 26930 15 10 75  0  0  0
 3  0 31563520 4256896  16936 1100448   24    0    24   196 4320 5201  1  1 97  0  0  0
 0  0 31561984 4343224  17008 1100512  460    0   460   816 5005 6141  2  2 96  0  0  0
procs -----------memory---------- ---swap-- -----io---- -system-- -------cpu-------
 r  b   swpd   free   buff  cache   si   so    bi    bo   in   cs us sy id wa st gu
 0  0 31561984 4344748  17008 1100656   16    0    16   292 2847 2930  1  1 98  0  0  0
 0  0 31561728 4360812  17008 1100716   68    0    68   328 2685 2559  1  1 98  0  0  0
 0  0 31561216 4272148  17032 1100756  156    0   156   208 13921 27325 18 11 71  0  0  0
 0  0 31558144 4268260  17068 1101692  228    0  1164  1048 5010 5119  7  2 90  0  0  0
 0  0 31555584 4317572  17140 1101692  248    0   248   816 3830 4892  2  1 96  0  0  0
 0  0 31555328 4321292  17140 1101692    4    0     4     0 1757 1915  1  1 99  0  0  0
 0  0 31555072 4339136  17140 1101692    0    0     0    16 1799 1992  1  1 99  0  0  0
 0  0 31555072 4257292  17140 1101708   12    0    12   156 13304 25389 15  9 75  0  0  0
 0  0 31555072 4257040  17152 1102052   48    0    52   352 3579 4318  1  1 98  0  0  0
 1  0 31554816 4349376  17248 1102148   76    0    76  1092 4078 4936  3  2 95  0  0  0
 0  0 31554816 4349648  17248 1102468    0    0   180     0 1856 1807  1  0 99  0  0  0
 0  0 31554816 4355356  17248 1102536   12    0    12     0 1948 2063  1  0 99  0  0  0
 1  0 31553280 4247636  17248 1102804  216    0   500     0 13237 26961 19 10 71  0  0  0
 0  0 31552256 4255236  17256 1102804   32    0    32   336 3221 3987  1  1 98  0  0  0
 0  0 31552256 4323760  17352 1102804   16    0    16  1044 4697 5804  2  2 96  0  0  0
 6  0 31552256 4334908  17352 1102804    0    0     0    96 1812 1868  1  0 99  0  0  0
 0  0 31552256 4348872  17352 1102804   24    0    24     0 1840 1968  1  1 99  0  0  0
 0  0 31552256 4282624  17352 1102804    0    0     0     0 13383 26275 17 10 73  0  0  0
 2  0 31552256 4287200  17372 1103096   52    0    56   288 3163 3779  1  1 98  0  0  0
 0  0 31551232 4377600  17436 1103168  344    0   344   800 3525 4480  1  1 97  0  0  0
 0  0 31551232 4377600  17588 1103320    8    0   152   120 1990 2073  1  0 99  0  0  0
procs -----------memory---------- ---swap-- -----io---- -system-- -------cpu-------
 r  b   swpd   free   buff  cache   si   so    bi    bo   in   cs us sy id wa st gu
 1  0 31515904 4355560  18012 1104292 2932    0  3220   660 4739 4129 10  3 86  2  0  0
 0  0 31513344 4152252  18012 1104356 1448    0  1464    12 15705 27355 28 12 60  0  0  0
 0  0 31512320 4178868  18020 1104456   36    0   112   264 7114 10015  3  2 95  0  0  0
 0  0 31511808 4257888  18196 1104428  116    0   116  2124 8467 11900  5  4 91  1  0  0
 0  0 31511808 4272540  18196 1104428    0    0     0  1028 1241 1420  0  0 99  0  0  0
 0  0 31511808 4281920  18196 1104428    4    0     4     0 1317 1537  1  1 99  0  0  0
 0  0 31511808 4247632  18196 1104580    8    0   160   820 12234 23772 16 10 74  0  0  0
 0  0 31511808 4262520  18204 1104712    8    0     8   148 2101 2602  1  0 99  0  0  0
 0  0 31511808 4297120  18228 1104712   16    0    16   464 1884 2242  1  1 98  0  0  0
 2  0 31479296 4264048  18360 1105604 2688    0  2696   568 3948 3311 10  2 87  1  0  0
 0  0 31478528 4248088  18376 1105680  572    0   576     0 3591 2072  9  1 90  0  0  0
 0  0 31477760 4158324  18388 1105692    8    0    12   168 11316 23151 17 10 73  0  0  0
 2  0 31475456 4139236  18396 1105732  832    0   872   200 6235 4093 20  3 77  0  0  0
 1  0 31475200 4182068  18444 1105732    8    0     8   480 3197 3525  2  1 96  0  0  0
 0  0 31475200 4182068  18444 1105732    0    0     0   420 1062 1220  0  0 99  0  0  0
 0  0 31475200 4188404  18444 1105732    0    0     0     0  915  927  0  0 99  0  0  0
 0  1 31558144 4598864  18104 1091244    0 82804     0 82804 12458 24045 16 12 72  0  0  0
 0  0 31621120 4679252  18116 1091384    4 63220    72 63704 1913 2080  1  1 98  0  0  0
 0  0 31620352 4702240  18196 1091344  324    0   328  1008 3814 4525  3  2 95  0  0  0
 0  0 31620096 4702956  18196 1091396    0    0     0     0  508  494  0  0 100  0  0  0
 0  0 31620096 4713448  18196 1091460   28    0    92   116  598  595  0  0 100  0  0  0
procs -----------memory---------- ---swap-- -----io---- -system-- -------cpu-------
 r  b   swpd   free   buff  cache   si   so    bi    bo   in   cs us sy id wa st gu
 1  0 31619584 4738916  18196 1091460    0    0     0   240 10346 21625 14  9 77  0  0  0
 0  0 31619584 4747156  18228 1091464   12    0    12   336 2516 2861  1  1 98  0  0  0
 0  0 31619584 4753632  18228 1091464    0    0     0     0  560  450  0  0 100  0  0  0
 0  0 31619584 4767320  18228 1091464    8    0     8  1116  555  673  0  0 100  0  0  0
 0  0 31619584 4772232  18228 1091464    0    0     0     0  549  727  0  0 100  0  0  0
 0  5 31830784 6626396  16328 1038912    0 210708     0 210756 13155 24517 17 19 58  6  0  0
 0  0 32580096 7415156  16368 1040160   12 750244    12 750740 5775 3296  0 12 69 18  0  0
 0  0 32580096 7415096  16368 1040304    0    0     0     0  332  412  0  0 100  0  0  0
 0  0 32580096 7414592  16368 1040304    0    0     0    12  557  673  0  0 100  0  0  0
 0  0 32580096 7413836  16368 1040304    0    0     0     0  505  587  0  0 100  0  0  0
 0  0 32580096 7211756  16368 1040304    0    0     0    12 9783 21200 15  9 77  0  0  0
 2  0 32580096 7233784  16368 1040320    0    0     0   156  578  719  0  0 100  0  0  0
 0  0 32580096 7245456  16376 1040320    4    0     4    60 1691 2299  1  0 99  0  0  0
 0  0 32580096 7255196  16376 1040320    0    0     0     0  475  532  0  0 100  0  0  0
 0  0 32580096 7276924  16376 1040320   12    0    12     0  626  708  0  0 100  0  0  0
 1  0 32672512 7725784  16332 1024916    4 92196    12 92196 13112 22498 16 13 70  1  0  0
 0  0 32731136 7803868  16340 1025344    0 58860    68 58980 1804 1671  0  1 98  0  0  0
 0  0 32731136 7811132  16340 1025344    0    0     0    36  434  516  0  0 100  0  0  0
 0  0 32731136 7826704  16340 1025344   12    0    12     0  735  956  0  0 100  0  0  0
 0  0 32731136 7838792  16340 1025344    0    0     0     0  438  531  0  0 100  0  0  0
 1  0 33037312 8737200  15808 1015148    0 306112     0 307016 12192 23051 16 14 69  1  0  0
procs -----------memory---------- ---swap-- -----io---- -system-- -------cpu-------
 r  b   swpd   free   buff  cache   si   so    bi    bo   in   cs us sy id wa st gu
 0  0 33095680 8807884  15816 1015532    0 58432     0 58548  829  685  0  1 99  0  0  0
 1  0 33095680 8818136  15816 1015532    4    0     4     0  538  660  0  0 100  0  0  0
 0  0 33095680 8833868  15816 1015536    4    0     4    20  376  423  0  0 100  0  0  0
 0  0 33095680 8841944  15816 1015536    0    0     0     0  403  501  0  0 100  0  0  0
 1  0 33095680 9249264  15384 995124   12    0    12     0 10050 21894 14 12 74  0  0  0
 0  0 33127168 9374776  15400 964212    0 31424     0 31684 1185  813  0  5 94  0  0  0
 0  0 33127168 9380632  15400 964208    0    0     0     0  690  889  0  0 100  0  0  0
 0  0 33127168 9386628  15400 964208    0    0     0     0  490  567  0  0 100  0  0  0
 0  0 33126912 9407372  15400 964208   24    0    24    16  771  676  0  0 99  0  0  0
 0  0 33126912 9351424  15400 964208   16    0    16     0 10033 22005 15  9 76  0  0  0
 0  0 33126912 9355124  15400 964208    0    0     0    96  459  576  0  0 100  0  0  0
 0  0 33126912 9381132  15408 964208    0    0     0    68  551  708  0  0 100  0  0  0
 0  0 33126912 9381132  15408 964208   12    0    12     0  580  736  0  0 100  0  0  0
 0  0 33126912 9390220  15408 964208    0    0     0     0  448  593  0  0 100  0  0  0
 0  0 33126912 9317004  15408 964208    8    0     8    48 9864 20504 13  9 79  0  0  0
 0  0 33126912 9317004  15408 964208    0    0     0     8  482  524  0  0 100  0  0  0
 0  0 33126912 9318788  15408 964208    0    0     0     0  297  307  0  0 100  0  0  0
 0  0 33126912 9321036  15416 964276   56    0   124    28  434  477  0  0 100  0  0  0
 0  0 33126912 9338972  15416 964276    0    0     0     0  676  892  0  0 100  0  0  0
 0  0 33126912 9319908  15416 964276   16    0    16     0 10118 21474 14  9 77  0  0  0
 0  0 33126912 9319908  15416 964576   12    0   288    16 4340 6437  2  1 97  0  0  0
procs -----------memory---------- ---swap-- -----io---- -system-- -------cpu-------
 r  b   swpd   free   buff  cache   si   so    bi    bo   in   cs us sy id wa st gu
 0  0 33126912 9325536  15416 964576    0    0     0     0 1633 2143  1  1 99  0  0  0
 0  0 33126912 9328220  15416 964580    0    0     0     0  437  482  0  0 100  0  0  0
 0  0 33126912 9342792  15424 964580    0    0     0    56  470  602  0  0 100  0  0  0
 0  0 33126912 9327444  15424 964760    0    0   180    68 9486 20356 15  9 76  0  0  0
 0  0 33126912 9334632  15424 964760    0    0     0    32  668  825  0  0 100  0  0  0
 0  0 33126912 9343908  15424 964760    4    0     4    48  590  669  0  0 99  0  0  0
 0  0 33126912 9353628  15424 964760    0    0     0     0  608  685  0  0 100  0  0  0
 1  0 33126912 9376104  15424 964796    4    0    24     0 1523 1591  1  1 98  0  0  0
 0  0 33115392 9304812  15432 964844 11496    0 11496    52 13337 25009 20 12 66  3  0  0
 0  0 33115392 9332284  15432 964980    0    0   144     0 1360 1333  1  1 98  0  0  0
 0  0 33115392 9332284  15432 964980    0    0     0     0  377  379  0  0 100  0  0  0
 0  0 33115392 9343740  15432 964980    0    0     0    20  322  324  0  0 100  0  0  0
 0  0 33115392 9351088  15432 964980    0    0     0     0  481  563  0  0 100  0  0  0
 0  0 33115392 9321036  15440 964980    0    0     0   860 9726 21106 14  9 77  0  0  0
 0  0 33115392 9324320  15440 964980   20    0    20     4  499  532  0  0 100  0  0  0
 0  0 33115392 9342932  15440 964980    4    0     4     0  416  464  0  0 100  0  0  0
 0  0 33115392 9346320  15440 964980    0    0     0     0  368  465  0  0 100  0  0  0
 0  0 33115392 9365376  15440 964980    0    0     0    36  549  705  0  0 100  0  0  0
 0  0 33115392 9298308  15440 964980    4    0     4     0 9286 20167 14  9 77  0  0  0
 0  0 33115392 9298308  15448 964976    0    0     0    28  576  712  0  0 100  0  0  0
 0  0 33115392 9305472  15448 964976    0    0     0     0  449  577  0  0 100  0  0  0
procs -----------memory---------- ---swap-- -----io---- -system-- -------cpu-------
 r  b   swpd   free   buff  cache   si   so    bi    bo   in   cs us sy id wa st gu
 0  0 33115392 9312484  15448 964976    0    0     0     0  478  599  0  0 100  0  0  0
 0  0 33115392 9323460  15448 964976    0    0     0     0  453  550  0  0 100  0  0  0
 0  0 33115392 9359272  15448 964976    0    0     0    20 9350 20045 14  9 77  0  0  0
 0  0 33115392 9360892  15448 964976    0    0     0     0  768  878  0  0 100  0  0  0
 1  0 33115392 9369280  15456 964976    0    0     0    28  309  286  0  0 100  0  0  0
 0  0 33115392 9376496  15456 964976   12    0    12     0  562  717  0  0 100  0  0  0
 0  0 33115392 9381844  15456 964976    0    0     0     0  518  668  0  0 100  0  0  0
 0  0 33115392 9314768  15456 965040    4    0    68     0 9236 20072 14  9 77  0  0  0
 0  0 33115392 9323728  15456 965040    0    0     0     8  676  873  0  0 100  0  0  0
 0  0 33115392 9335504  15456 965040    4    0     4     8 1625 2316  0  1 99  0  0  0
 0  0 33115392 9345376  15464 965040    0    0     0    36  460  582  0  0 100  0  0  0
 0  0 33115392 9361656  15464 965040    0    0     0     0  633  783  0  0 100  0  0  0
 0  0 33115392 9291940  15464 965040    4    0     4     0 9578 20336 14  9 77  0  0  0
 0  0 33115392 9295976  15464 965040    0    0     0     0  525  620  0  0 100  0  0  0
 0  0 33115392 9311668  15464 965040    0    0     0    28  336  345  0  0 100  0  0  0
 0  0 33115392 9316200  15464 965040    0    0     0     0  427  537  0  0 100  0  0  0
 0  0 33115392 9323008  15472 965040    0    0     0    28  445  515  0  0 100  0  0  0
 0  0 33115392 9323140  15472 965040    0    0     0     0 9707 20627 15  8 77  0  0  0
 0  0 33115392 9325944  15472 965040    0    0     0     0  462  530  0  0 99  0  0  0
 0  0 33115392 9331804  15472 965040    0    0     0     8  523  641  0  0 100  0  0  0
 0  0 33115392 9333812  15472 965040    0    0     0    84  497  586  0  0 100  0  0  0
procs -----------memory---------- ---swap-- -----io---- -system-- -------cpu-------
 r  b   swpd   free   buff  cache   si   so    bi    bo   in   cs us sy id wa st gu
 1  0 33115392 9342464  15476 965068    8    0    20     0 2410 1975  1  2 97  0  0  0
 0  0 33115392 9286676  15480 965076    4    0     4    52 9812 20496 15  9 76  0  0  0
 0  0 33115392 9306620  15480 965096    0    0    32     0 1221 1346  1  1 99  0  0  0
 0  0 33115392 9318616  15480 965096    0    0     0     0  355  374  0  0 100  0  0  0
 0  0 33115392 9331964  15480 965096    0    0     0     0  444  471  0  0 100  0  0  0
 0  0 33115392 9351908  15488 965104    4    0     8    28  363  377  0  0 100  0  0  0
 2  0 33115392 9286844  15488 965104    0    0     0   780 10071 21210 15  9 76  0  0  0
 0  0 33115392 9294328  15496 965104    4    0     4    52  354  395  0  0 100  0  0  0
 0  0 33115392 9302404  15496 965104    0    0     0     0  446  358  0  0 100  0  0  0
 0  0 33115392 9326728  15496 965104    0    0     0     0  508  648  0  0 100  0  0  0
 1  0 33115392 9337832  15496 965104    0    0     0     0  515  636  0  0 100  0  0  0
 0  0 33115392 9326968  15496 965088    0    0     0    44 9641 20271 14  8 78  0  0  0
 1  0 33115392 9327264  15496 965084    4    0     4     0  615  763  0  0 100  0  0  0
 0  0 33115392 9334604  15504 965084    4    0     4    32  450  558  0  0 100  0  0  0
 0  0 33115136 9337664  15512 965316   72    0   304    92  566  647  0  0 99  0  0  0
 0  0 33115136 9350376  15512 966180    8    0   868     8  703  798  0  0 99  0  0  0
 2  0 33115136 9261720  15512 966416    8    0   244    12 10275 21064 15  9 75  0  0  0
 0  0 33115136 9261720  15512 967484   60    0  1100     4 4880 7338  2  1 97  0  0  0
 0  0 33115136 9280024  15512 967484    8    0     8     0 1662 2255  1  0 99  0  0  0
 0  0 33115136 9287308  15512 967484    0    0     0     0  320  351  0  0 100  0  0  0
 0  0 33115136 9344820  15520 967484    0    0     0    76  409  426  0  0 100  0  0  0
procs -----------memory---------- ---swap-- -----io---- -system-- -------cpu-------
 r  b   swpd   free   buff  cache   si   so    bi    bo   in   cs us sy id wa st gu
 0  0 33115136 9316844  15520 967484    0    0     0     0 9740 20298 15  9 76  0  0  0
 0  0 33114880 9319064  15520 967484    8    0     8     0  498  549  0  0 100  0  0  0
 0  0 33114880 9324856  15520 967484    0    0     0     4  272  266  0  0 100  0  0  0
 0  0 33114880 9329344  15520 967484    0    0     0     0  434  474  0  0 100  0  0  0
 0  0 33114880 9349028  15520 967484    0    0     0     0  344  401  0  0 100  0  0  0
 0  0 33114880 9283644  15528 967484    0    0     0    32 9711 20837 16  9 76  0  0  0
 0  0 33114880 9288112  15528 967484    8    0     8     0  540  671  0  0 99  0  0  0
 0  0 33114880 9295708  15528 967484    0    0     0     0  409  482  0  0 100  0  0  0
 0  0 33114880 9304556  15528 967484    0    0     0    20  441  508  0  0 100  0  0  0
 0  0 33114880 9319720  15528 967484    0    0     0     0  474  586  0  0 100  0  0  0
 0  0 33114880 9343264  15528 967484    4    0     4     0 9783 20753 14  9 77  0  0  0
 0  0 33114880 9347128  15544 967484    0    0     0    52  646  763  0  0 99  0  0  0
 0  0 33114880 9350572  15544 967484    0    0     0     0  519  604  0  0 100  0  0  0
 1  0 33114880 9353980  15544 967484    0    0     0     4  474  552  0  0 100  0  0  0
 1  0 33114880 9361364  15552 967644    0    0    12    36 2457 2034  4  2 94  0  0  0
 0  0 33114880 9330300  15552 967640    0    0     0     4 10462 21211 15  9 76  0  0  0
 0  0 33114880 9354032  15552 967684    0    0    72   620 1278 1300  0  1 99  0  0  0
 0  0 33114880 9360640  15552 967684    0    0     0     0  452  554  0  0 100  0  0  0
 0  0 33114880 9364244  15552 967684    0    0     0     0  428  530  0  0 100  0  0  0
 1  0 33114880 9370428  15552 967688    0    0     4     0  575  725  0  0 99  0  0  0
 0  0 33114880 9248728  15560 967688    0    0     0    68 10178 21862 15  9 76  0  0  0
procs -----------memory---------- ---swap-- -----io---- -system-- -------cpu-------
 r  b   swpd   free   buff  cache   si   so    bi    bo   in   cs us sy id wa st gu
 0  0 33114880 9259692  15560 967688    8    0     8   448  583  709  0  0 100  0  0  0
 0  0 33114880 9277940  15560 967692    0    0     0    88  417  513  0  0 100  0  0  0
 0  0 33114880 9298356  15560 967692    0    0     0     0  547  700  0  0 100  0  0  0
 0  0 33114880 9317604  15560 967692    0    0     0     0  513  646  0  0 100  0  0  0
 1  0 33114880 9297200  15560 967692    0    0     0     0 9824 20700 15  9 76  0  0  0
 0  0 33114880 9302072  15568 967688    0    0     0    32  526  648  0  0 100  0  0  0
 0  0 33114880 9319136  15568 967688    8    0     8     0 1718 2339  0  1 99  0  0  0
 0  0 33114880 9328324  15568 967688    0    0     0     0  586  708  0  0 100  0  0  0
 0  0 33114880 9342120  15568 967688    0    0     0     0  534  714  0  0 100  0  0  0
 0  0 33114880 9348180  15568 967688    0    0     0    12 10079 21301 13  9 78  0  0  0
 0  0 33114880 9355656  15568 967688    0    0     0     0  589  752  0  0 100  0  0  0
 0  0 33114880 9366296  15576 967688    0    0     0    52  469  586  0  0 100  0  0  0
 0  0 33114880 9371328  15576 967688    4    0     4     0  620  795  1  0 99  0  0  0
 2  0 33114880 9386588  15576 967688    0    0     0     0  464  601  0  0 100  0  0  0
 0  0 33114880 9336540  15576 967692    0    0     4     0 10255 21247 14  9 76  0  0  0
 0  0 33114880 9354772  15576 967692    0    0     0     0  474  586  0  0 100  0  0  0
 0  0 33114880 9366752  15576 967692    0    0     0     0  499  641  0  0 100  0  0  0
 0  0 33114880 9366752  15584 967692    0    0     0    32  344  413  0  0 100  0  0  0
 0  0 33114880 9384180  15584 967692    4    0     4     0  542  684  0  0 100  0  0  0
 0  0 33114880 9263272  15584 967692    0    0     0    64 9614 20723 14  8 78  0  0  0
 0  0 33114880 9269384  15584 967692    0    0     0     0  494  633  0  0 100  0  0  0
procs -----------memory---------- ---swap-- -----io---- -system-- -------cpu-------
 r  b   swpd   free   buff  cache   si   so    bi    bo   in   cs us sy id wa st gu
 0  0 33114880 9283188  15584 967692    0    0     0     0  434  556  0  0 100  0  0  0
 0  0 33114880 9295228  15584 967692    0    0     0    12  419  525  0  0 100  0  0  0
 0  0 33114880 9310988  15592 967768    4    0    80    16  493  589  0  0 100  0  0  0
 0  0 33114880 9333648  15592 967768    0    0     0     0 9438 19978 15  9 76  0  0  0
 0  0 33114880 9348860  15592 967768    0    0     0     0  469  523  0  0 100  0  0  0
 0  0 33114880 9355204  15592 967768    0    0     0     0  482  497  1  0 99  0  0  0
 1  0 33114880 9362556  15592 967768    0    0     0     0  394  397  0  0 100  0  0  0
 0  0 33114880 9377124  15592 967804    0    0     0     4 2484 1878  1  2 97  0  0  0
 0  0 33114880 9293788  15600 967804    0    0     0    32 10291 21769 14  9 77  0  0  0
 0  0 33114880 9316052  15600 967792    4    0     4     0 1347 1546  0  1 99  0  0  0
 0  0 33114880 9325520  15600 967792    0    0     0     0  390  490  0  0 100  0  0  0
 0  0 33114880 9334180  15600 967792    0    0     0     0  544  667  0  0 100  0  0  0
 0  0 33114880 9351248  15600 967792    0    0     0     0  603  744  0  0 100  0  0  0
 1  0 33114880 9294076  15608 967796    0    0     0   820 11485 23518 15 10 75  0  0  0
 0  0 33114880 9294832  15608 967816   16    0    16    56 4079 5625  2  1 98  0  0  0
 0  0 33114880 9305096  15608 967816    4    0     4     0 1625 2271  0  1 99  0  0  0
 0  0 33114880 9316420  15608 967816    8    0     8     0  422  459  0  0 100  0  0  0
 1  0 33114880 9316168  15608 967816    0    0     0     0  407  500  0  0 100  0  0  0
 0  0 33114880 9330572  15616 967816    0    0     0    60 9640 20662 14  9 77  0  0  0
 1  0 33114880 9336608  15620 968000    0    0   184    28 1060 1158  0  0 99  0  0  0
 0  0 33114880 9342584  15620 968000    0    0     0     4  357  397  0  0 100  0  0  0
procs -----------memory---------- ---swap-- -----io---- -system-- -------cpu-------
 r  b   swpd   free   buff  cache   si   so    bi    bo   in   cs us sy id wa st gu
 0  0 33114880 9357452  15620 968000    4    0     4     0  659  786  0  0 100  0  0  0
 0  0 33114880 9368212  15620 968004    0    0     0     0  396  439  0  0 100  0  0  0
 0  0 33114880 9328616  15620 968004    0    0     0    12 9943 20899 15  8 77  0  0  0
 0  0 33114880 9334456  15628 968004    0    0     0   240  604  760  0  0 100  0  0  0
 0  0 33114880 9343568  15628 968004    0    0     0     0  414  421  0  0 100  0  0  0
 0  0 33114880 9353896  15628 968004    0    0     0     8  267  257  0  0 100  0  0  0
 0  0 33114880 9370544  15628 968004    0    0     0     0  421  549  0  0 100  0  0  0
 0  0 33114880 9290552  15628 968004    0    0     0     0 9207 20018 14  9 77  0  0  0
 0  0 33114880 9297308  15628 968004    0    0     0     0  595  767  0  0 100  0  0  0
 0  0 33114880 9302984  15636 968004    4    0     4    44  460  555  0  0 100  0  0  0
 0  0 33114880 9317664  15636 968036    0    0    32     0  489  563  0  0 100  0  0  0
 0  0 33114880 9324868  15636 968036    0    0     0    84  488  604  0  0 100  0  0  0
 0  0 33114880 9351348  15636 968036    0    0     0     0 9166 20261 13  9 78  0  0  0
 0  0 33114880 9352168  15636 968036    0    0     0     0  648  872  0  0 100  0  0  0
 0  0 33114880 9355168  15636 968036    0    0     0     0  412  476  0  0 100  0  0  0
 0  0 33114880 9363284  15644 968036    0    0     0    36  442  567  0  0 100  0  0  0
 0  0 33114880 9378000  15644 968036    0    0     0     0  405  509  0  0 100  0  0  0
 0  0 33114880 9315868  15644 968036    4    0     4    16 10145 21598 15  9 76  0  0  0
 0  0 33114880 9326712  15644 968036    0    0     0     0  629  647  0  0 100  0  0  0
 4  0 33114880 9327752  15644 968036    0    0     0     0  385  463  0  0 100  0  0  0
 0  0 33114880 9343464  15644 968036    0    0     0     0  556  686  0  0 100  0  0  0
procs -----------memory---------- ---swap-- -----io---- -system-- -------cpu-------
 r  b   swpd   free   buff  cache   si   so    bi    bo   in   cs us sy id wa st gu
 0  0 33114880 9357072  15652 968036    0    0     0    28  688  714  1  0 99  0  0  0
 0  0 33114880 9288068  15652 968064    4    0     8     4 10554 21591 20 11 69  0  0  0
 0  0 33114880 9292332  15652 968060    0    0     0     4  851  821  0  0 99  0  0  0
 0  0 33114880 9335700  15652 968204   28    0   180     0 2430 3022  1  1 98  0  0  0
 0  0 33114880 9342844  15652 968204    8    0     8     0  423  475  0  0 100  0  0  0
 1  0 33114880 9349536  15652 968204    0    0     0     0  455  510  0  0 100  0  0  0
 0  0 33114880 9269952  15660 968204    0    0     0   788 9504 20435 15  9 76  0  0  0
 0  0 33114880 9288448  15660 968204    0    0     0    96  650  822  0  0 100  0  0  0
 0  0 33114880 9312708  15660 968204    0    0     0     4  391  454  0  0 100  0  0  0
 0  0 33114880 9341280  15660 968204    0    0     0     0  510  652  0  0 100  0  0  0
 0  0 33114880 9361260  15660 968204    0    0     0     0  573  748  0  0 100  0  0  0
 0  0 33114880 9331300  15660 968204    0    0     0     0 10512 24890 15  9 76  0  0  0
 0  0 33114880 9333184  15664 968204    0    0     0    28  564  747  0  0 100  0  0  0
 0  0 33114880 9347724  15664 968200   12    0    12     0  476  558  0  0 100  0  0  0
 0  0 33114880 9361612  15664 968200    0    0     0     4  363  449  0  0 100  0  0  0
 1  0 33114880 9368556  15664 968200    0    0     0     0  459  558  0  0 100  0  0  0
 0  0 33114880 9337720  15664 968200    0    0     0     0 9552 20861 15  9 76  0  0  0
 0  0 33114880 9339372  15664 968200    0    0     0    32  431  537  0  0 100  0  0  0
 0  0 33114880 9349892  15672 968200    0    0     0    32  516  657  0  0 100  0  0  0
 0  0 33114880 9364152  15672 968200    0    0     0     0  481  596  0  0 100  0  0  0
 0  0 33114880 9378908  15672 968200    0    0     0    68  467  563  0  0 100  0  0  0
procs -----------memory---------- ---swap-- -----io---- -system-- -------cpu-------
 r  b   swpd   free   buff  cache   si   so    bi    bo   in   cs us sy id wa st gu
 0  0 33114880 9330304  15672 968200    0    0     0     0 10268 20926 15  9 77  0  0  0
 0  0 33114880 9333960  15672 968200    0    0     0     0  561  713  0  0 100  0  0  0
 0  0 33114880 9342280  15672 968204    0    0     0    20  594  718  0  0 100  0  0  0
 0  0 33114880 9349720  15680 968204    0    0     0    12  528  657  0  0 100  0  0  0
 0  0 33114880 9357492  15680 968204    0    0     0     0  368  414  0  0 100  0  0  0
 0  0 33114880 9344104  15680 968204    8    0     8     8 9440 20966 13  7 79  0  0  0
 0  0 33114880 9355920  15680 968204    0    0     0     0  488  616  0  0 100  0  0  0
 0  0 33114880 9362896  15680 968204    0    0     0     0  450  545  0  0 100  0  0  0
 0  0 33114880 9370788  15680 968204    0    0     0     0  409  447  0  0 100  0  0  0
 0  0 33114880 9383512  15684 968204    0    0     0    24  420  435  0  0 100  0  0  0
 2  0 33114880 9324012  15684 968220    4    0     4     0 11597 24527 16  9 75  0  0  0
 0  0 33114880 9327520  15684 968232    0    0     0    20 2356 3511  1  1 98  0  0  0
 0  0 33114880 9332872  15684 968232    8    0     8     0 1646 2172  1  0 99  0  0  0
 0  0 33114880 9336272  15684 968232    0    0     0     0  565  694  0  0 99  0  0  0
 0  0 33114880 9350876  15684 968232    0    0     0    12  621  738  0  0 100  0  0  0
 0  0 33114880 9313156  15692 968248   12    0    12    68 12329 23013 16 12 72  0  0  0
 0  0 33114880 9313156  15692 968248    4    0     4   668  552  676  0  0 100  0  0  0
 0  0 33114880 9339288  15692 968276    0    0    40     4 1006  917  0  1 99  0  0  0
 0  0 33114880 9339636  15692 968276    0    0     0     0  627  766  0  0 100  0  0  0
 0  0 33114880 9348748  15692 968276    4    0     4     0  611  770  0  0 100  0  0  0
 0  0 33114880 9394384  15692 968276    0    0     0    40 9627 20329 14  9 78  0  0  0
procs -----------memory---------- ---swap-- -----io---- -system-- -------cpu-------
 r  b   swpd   free   buff  cache   si   so    bi    bo   in   cs us sy id wa st gu
 0  0 33114880 9399100  15696 968276    0    0     0    68  736  940  0  0 99  0  0  0
 0  0 33114880 9401124  15696 968276    0    0     0   448  430  474  0  0 100  0  0  0
 1  0 33114880 9407520  15696 968276    0    0     0     4  289  294  0  0 100  0  0  0
 0  0 33114880 9416704  15696 968276    0    0     0     0  469  574  0  0 100  0  0  0
 0  0 33114880 9296244  15696 968276    0    0     0     0 9559 20872 14  9 77  0  0  0
 0  0 33114880 9304240  15696 968276    0    0     0    32  609  772  0  0 100  0  0  0
 0  0 33114880 9323552  15704 968272    0    0     0    32  525  510  0  0 100  0  0  0
 0  0 33114880 9342312  15704 968272    0    0     0     0  384  467  0  0 100  0  0  0
 0  0 33114880 9353268  15704 968272    0    0     0     4  518  644  0  0 100  0  0  0
 0  0 33114880 9320604  15704 968272    0    0     0     0 10230 22079 14 10 76  0  0  0
 0  0 33114880 9320604  15704 968272    0    0     0     0  578  742  0  0 100  0  0  0
 0  0 33114880 9325940  15704 968272    0    0     0    28  385  446  0  0 100  0  0  0
 0  0 33114880 9337868  15712 968272    0    0     0    28  613  809  0  0 100  0  0  0
 0  0 33114880 9352480  15712 968272    0    0     0     0  399  464  0  0 100  0  0  0
 0  0 33114880 9307100  15712 968272    0    0     0    68 9479 20539 14  8 78  0  0  0
 0  0 33114880 9321528  15712 968272    0    0     0     0  535  676  0  0 100  0  0  0
 0  0 33114880 9332224  15712 968272    0    0     0     0  332  420  0  0 100  0  0  0
 0  0 33114880 9345836  15712 968272    8    0     8    16  679  825  0  0 100  0  0  0
 0  0 33114880 9357280  15720 968272    4    0     4    16  584  748  0  0 100  0  0  0
 0  0 33114880 9306000  15720 968272    0    0     0     0 10451 21641 15  9 76  0  0  0
 0  0 33114880 9319080  15720 968272    0    0     0     4  562  703  0  0 100  0  0  0
procs -----------memory---------- ---swap-- -----io---- -system-- -------cpu-------
 r  b   swpd   free   buff  cache   si   so    bi    bo   in   cs us sy id wa st gu
 0  0 33114880 9329240  15720 968272    0    0     0     8 1694 2232  1  1 99  0  0  0
 0  0 33114880 9340928  15720 968272    0    0     0     0  418  533  0  0 100  0  0  0
 0  0 33114880 9348752  15720 968272    0    0     0     4  524  644  0  0 100  0  0  0
 0  0 33114880 9309720  15728 968276    8    0     8    36 9798 20750 14  9 77  0  0  0
 0  0 33114880 9318272  15728 968276    0    0     0     0  475  600  0  0 100  0  0  0
 1  0 33114880 9328688  15728 968276    4    0     4    16  500  577  0  0 100  0  0  0
 0  0 33114880 9339984  15728 968276    0    0     0     0  760  863  1  0 99  0  0  0
 0  0 33114880 9353364  15728 968276    8    0     8     0  492  606  0  0 100  0  0  0
 1  0 33114880 9310760  15728 968312   12    0    28    24 11812 22903 16 12 72  0  0  0
 0  0 33114880 9296300  15736 968308    0    0     0    40 1588 1015  3  1 96  0  0  0
 0  0 33114880 9338008  15736 968300    0    0     0     0 1226 1297  1  0 99  0  0  0
 0  0 33114880 9348692  15736 968300    0    0     0     4  592  712  0  0 100  0  0  0
 0  0 33114880 9366040  15736 968304    4    0     4     0  493  590  0  0 100  0  0  0
 0  0 33114880 9360568  15736 968304    0    0     0     0 10096 21362 15 10 76  0  0  0
 0  0 33114880 9364368  15744 968304    0    0     0   856  645  808  0  0 99  0  0  0
 0  0 33114880 9368428  15744 968304    0    0     0     0  387  475  0  0 100  0  0  0
 0  0 33114880 9377500  15744 968304    0    0     0     0  455  508  0  0 100  0  0  0
 0  0 33114880 9383616  15744 968304    0    0     0     4  465  403  0  0 99  0  0  0
 0  0 33114880 9274488  15744 968304    0    0     0     0 10591 21852 17 11 73  0  0  0
 0  0 33114880 9290644  15752 968304    0    0     0    60  440  427  0  0 100  0  0  0
 1  0 33114880 9314952  15752 968316    0    0     0     0 2095 1882  1  2 97  0  0  0
procs -----------memory---------- ---swap-- -----io---- -system-- -------cpu-------
 r  b   swpd   free   buff  cache   si   so    bi    bo   in   cs us sy id wa st gu
 0  0 33114880 9320272  15772 968860   16    0   580     0 20799 32238 14  5 80  0  0  0
 0  0 33114880 9350312  15772 968852    0    0     0     0 1129 1159  1  1 99  0  0  0
 0  0 33114880 9343780  15772 968852    4    0     4     4 9640 20578 15  9 76  0  0  0
 0  0 33114880 9344248  15780 968852    0    0     0    56  760  940  0  0 100  0  0  0
 0  0 33114880 9347728  15780 968852    0    0     0   768  305  294  0  0 100  0  0  0
 0  0 33114880 9352472  15780 968852    0    0     0     0  517  621  0  0 100  0  0  0
 0  0 33114880 9359864  15780 968852    4    0     4     0  573  739  0  0 100  0  0  0
 1  0 33114880 9296576  15780 968872    4    0     4     0 13022 25613 16 10 75  0  0  0
 0  0 33114880 9296576  15780 968984    4    0   112     4 1208 1682  1  0 99  0  0  0
 0  0 33114880 9301828  15788 968984    0    0     0    72 1555 2071  0  1 99  0  0  0
 0  0 33114880 9314368  15788 968988    0    0     0     0  442  533  0  0 100  0  0  0
 0  0 33114880 9325156  15788 968984    0    0     0     0  726  868  0  0 99  0  0  0
 0  0 33114880 9315492  15788 968984    4    0     4     0 10089 21011 14  9 77  0  0  0
 0  0 33114880 9322748  15788 968984    0    0     0    28  648  796  0  0 100  0  0  0
 0  0 33114880 9336684  15796 969004    0    0     0    72 1956 1769  1  2 98  0  0  0
 0  0 33114880 9354908  15796 969004    0    0     0   628  548  654  0  0 99  0  0  0
 0  0 33114880 9382388  15800 969076    0    0    88     0 1538 1568  1  1 99  0  0  0
 0  0 33114880 9334168  15800 969076    0    0     0     0 10061 20713 14  9 77  0  0  0
 0  0 33114880 9345860  15800 969076    0    0     0    20  493  567  0  0 100  0  0  0
 0  0 33114880 9355376  15800 969076    8    0     8     0  633  750  0  0 100  0  0  0
 0  0 33114880 9367056  15808 969076    0    0     0   140  382  421  0  0 100  0  0  0
procs -----------memory---------- ---swap-- -----io---- -system-- -------cpu-------
 r  b   swpd   free   buff  cache   si   so    bi    bo   in   cs us sy id wa st gu
 0  0 33114880 9373756  15808 969076    0    0     0   448  443  528  0  0 100  0  0  0
 1  0 33114880 9262432  15808 969076    0    0     0     0 9927 21051 15  9 76  0  0  0
 0  0 33114880 9280376  15808 969148    0    0    60    16 2179 1937  1  2 97  0  0  0
 0  0 33114880 9313180  15808 969392    0    0     0     0 1407 1552  0  1 99  0  0  0
 0  0 33114880 9329404  15808 969396    0    0     0     0  528  645  0  0 100  0  0  0
 0  0 33114880 9340624  15816 969396    0    0     0    80  509  602  0  0 100  0  0  0
 0  0 33114880 9294296  15816 969396    4    0     4     0 10179 20826 14  9 78  0  0  0
 0  0 33114880 9299224  15816 969396    0    0     0   840  629  781  1  0 99  0  0  0
 0  0 33114880 9310736  15816 969396    0    0     0     0  452  562  0  0 100  0  0  0
 0  0 33114880 9327448  15816 969396    0    0     0     0  544  676  0  0 100  0  0  0
 0  0 33114880 9338036  15816 969396    0    0     0    32  369  395  0  0 100  0  0  0
 0  0 33114880 9300648  15824 969400    0    0     4    44 9769 20053 13  7 80  0  0  0
 0  0 33114880 9307156  15824 969400   12    0    12     0  439  525  0  0 100  0  0  0
 1  0 33114880 9326892  15824 969396    0    0     0     0  464  555  0  0 100  0  0  0
 0  0 33114880 9342824  15824 969396    0    0     0     0  480  618  0  0 100  0  0  0
 1  0 33114880 9352464  15824 969396    0    0     0     0  414  487  0  0 100  0  0  0
 0  0 33114880 9328040  15824 969396    0    0     0    40 10246 21779 14  8 77  0  0  0
 0  0 33114880 9328040  15832 969396    0    0     0    20  434  480  0  0 100  0  0  0
 0  0 33114880 9339348  15832 969396    0    0     0     0 1701 2320  0  1 99  0  0  0
 0  0 33114880 9345000  15832 969396    0    0     0     0  287  334  0  0 100  0  0  0
 0  0 33114880 9353804  15832 969396    0    0     0     0  649  716  0  0 100  0  0  0
procs -----------memory---------- ---swap-- -----io---- -system-- -------cpu-------
 r  b   swpd   free   buff  cache   si   so    bi    bo   in   cs us sy id wa st gu
 0  0 33114880 9297256  15832 969396    0    0     0     0 9997 21178 14  9 78  0  0  0
 0  0 33114880 9312508  15832 969396    0    0     0     4  444  549  0  0 100  0  0  0
 0  0 33114880 9325820  15840 969396    0    0     0    52  407  464  0  0 100  0  0  0
 0  0 33114624 9337220  15840 969420   72    0    96     0  596  723  0  0 100  0  0  0
 0  0 33114624 9351932  15840 969420    8    0     8    64  370  386  0  0 100  0  0  0
 0  0 33114624 9301892  15840 969420    4    0     4     0 10208 20636 16  9 76  0  0  0
 0  0 33114624 9314904  15840 969420    0    0     0     0  499  667  0  0 100  0  0  0
 0  0 33114624 9324488  15840 969420    0    0     0    36  422  491  0  0 100  0  0  0
 0  0 33114624 9332172  15848 969420    4    0     4    20  449  457  0  0 100  0  0  0
 0  0 33114624 9345304  15848 969420    0    0     0     0  509  558  0  0 100  0  0  0
 3  0 33114624 9316076  15848 969432    0    0    12     0 9804 20752 15  9 76  0  0  0
 0  0 33114624 9302004  15848 969452    0    0     0     4 3296 2428  5  3 92  0  0  0
 0  0 33114624 9327032  15848 969444    0    0     0    12 1356 1410  0  1 99  0  0  0
 0  0 33114624 9334460  15848 969444    0    0     0     4  615  643  0  0 99  0  0  0
 0  0 33114624 9350940  15856 969444    8    0     8    60  645  729  0  0 99  0  0  0
 0  0 33114624 9296044  15856 969456    0    0     0     0 11298 21831 14 10 76  0  0  0
 0  0 33114624 9310544  15856 969456    0    0     0   952  775  878  0  0 99  0  0  0
 0  0 33114624 9346716  15856 969444    0    0     0     8 1249 1314  0  1 99  0  0  0
 0  0 33114624 9362924  15856 969444    0    0     0     0  519  606  0  0 99  0  0  0
 0  0 33114624 9367616  15856 969444    0    0     0    24  436  479  0  0 100  0  0  0
 0  0 33114624 9291876  15864 969444    0    0     0    44 9729 20415 15 10 75  0  0  0
procs -----------memory---------- ---swap-- -----io---- -system-- -------cpu-------
 r  b   swpd   free   buff  cache   si   so    bi    bo   in   cs us sy id wa st gu
 0  0 33114624 9294596  15864 969444    0    0     0     0  601  756  0  0 100  0  0  0
 0  0 33114624 9305412  15864 969460    4    0     4   452 2507 2255  1  2 97  0  0  0
 1  0 33114624 9322452  16032 978252    0    0  8576     0 1780 1588  1  1 97  1  0  0
 0  0 33114624 9342376  16032 978240    4    0     4     0 1407 1486  0  1 99  0  0  0
 1  1 33114624 9330556  16036 978472    0    0   204    48 13790 26729 17 10 73  0  0  0
 0  0 33114624 9335916  16040 978476    0    0     0    12  852 1133  0  0 100  0  0  0
 0  0 33114624 9340568  16040 978576    0    0   100   880 1786 2435  0  1 99  0  0  0
 0  0 33114624 9349900  16040 978576    0    0     0     0  493  612  0  0 100  0  0  0
 0  0 33114624 9363644  16040 978576    0    0     0     0  477  621  0  0 100  0  0  0
 0  0 33114624 9332664  16040 978576    0    0     0    32 9987 21221 14  9 77  0  0  0
 0  0 33114624 9345716  16048 978576    4    0     4   180  551  679  0  0 100  0  0  0
 0  0 33114624 9357060  16048 978576    4    0     4     4  542  680  0  0 100  0  0  0
 0  0 33114624 9363144  16048 978576    0    0     0     0  556  690  0  0 100  0  0  0
 0  0 33114624 9378160  16048 978572    0    0     0     0  690  805  0  0 99  0  0  0
 0  0 33114624 9269188  16048 978572    0    0     0     0 9030 19850 14  9 77  0  0  0
 0  0 33114624 9282660  16048 978572    4    0     4     0  549  703  0  0 100  0  0  0
 0  0 33114624 9300088  16056 978572    8    0     8    16  534  664  0  0 100  0  0  0
 0  0 33114624 9309312  16056 978572    0    0     0     4  461  558  0  0 100  0  0  0
 0  0 33114624 9327516  16056 978572    0    0     0    12  480  596  0  0 100  0  0  0
 0  0 33114624 9283704  16056 978572    0    0     0     0 9697 20961 13  9 78  0  0  0
 0  0 33114624 9287848  16056 978572    0    0     0     0  443  523  0  0 100  0  0  0
procs -----------memory---------- ---swap-- -----io---- -system-- -------cpu-------
 r  b   swpd   free   buff  cache   si   so    bi    bo   in   cs us sy id wa st gu
 1  0 33114624 9310400  16060 978572    0    0     0    28  652  764  0  0 99  0  0  0
 0  0 33114624 9326868  16064 978572    0    0     0    20  558  661  0  0 100  0  0  0
 0  0 33114624 9343860  16064 978572    0    0     0     4  492  547  0  0 100  0  0  0
 0  0 33114624 9310424  16064 978588    0    0     0     0 10641 22438 16 12 73  0  0  0
