procs -----------memory---------- ---swap-- -----io---- -system-- -------cpu-------
 r  b   swpd   free   buff  cache   si   so    bi    bo   in   cs us sy id wa st gu
 8  0 71521628 7591724  19824 1231788 5258 7924  6143  9776 6392   13  9  4 87  1  0  0
 1  1 71521628 7170944  19840 1231796 558580    0 558580   260 88662 163727  5 16 65 15  0  0
 3  2 71514460 6617024  20020 1233488 502116    0 503824   324 86243 157040  4 16 65 15  0  0
 5  4 71507292 5912332  20276 1235648 579448    0 581592   620 54283 93241 18 16 44 22  0  0
 2  2 71494748 5173964  20744 1240476 506656    0 511304  1452 35413 61558 41 25 19 14  0  0
 3  4 71479388 4554712  21196 1242020 622640    0 624560   912 37857 60754 22 17 29 32  0  0
 6  6 71440516 3921424  21240 1244024 534840    0 536608   580 30014 45208 20 15 22 42  0  0
 2  6 71434844 3255748  21268 1245720 586616    0 587880   816 45111 75463 22 16 17 45  0  0
 4  8 71414108 2576796  21320 1248936 521580    0 524524   812 18172 21635 33 15 14 38  0  0
11  0 71392860 2238232  21624 1252800 73084    0 76936  1128 28780 46201 66 19 12  3  0  0
 0  0 71388252 2224236  21644 1253468  624    0   940   888 22277 23546 31  9 59  0  0  0
 0  0 71387228 2222472  21692 1253984   32    0    60  1300 5085 5492  3  3 94  0  0  0
